A = [ 4 4 4 70 70 70 70 70 10 10;
      4 4 4 70 70 70 70 70 10 10;
      4 4 4 70 70 70 70 70 7 7;
      4 4 70 40 50 60 70 80 7 7;
      4 4 70 40 50 60 70 80 7 7;
      4 4 70 40 50 60 70 80 7 7;
      4 4 70 40 50 60 70 80 7 7;
      4 4 70 40 50 60 70 80 7 7;
      4 4 20 20 20 20 20 20 2 2;
      4 4 20 20 20 20 20 20 2 2 ];